100 40 1 10 0.001
No
100 40 1 10 0.003
No
100 40 1 10 0.005
No
100 40 1 10 0.007
No
100 40 1 10 0.01
No
100 40 1 10 0.03
No
100 40 1 10 0.05
No
100 40 1 10 0.07
No
100 40 1 10 0.1
No
100 40 1 10 0.3
No
100 40 1 10 0.5
No
100 40 1 10 0.7
No
100 40 1 10 1.0
No
100 40 2 10 0.001
No
100 40 2 10 0.003
Yes
100 40 2 10 0.005
Yes
100 40 2 10 0.007
No
100 40 2 10 0.01
Yes
100 40 2 10 0.03
Yes
100 40 2 10 0.05
Yes
100 40 2 10 0.07
Yes
100 40 2 10 0.1
Yes
100 40 2 10 0.3
No
100 40 2 10 0.5
No
100 40 2 10 0.7
No
100 40 2 10 1.0
No
100 40 3 10 0.001
No
100 40 3 10 0.003
No
100 40 3 10 0.005
No
100 40 3 10 0.007
Yes
100 40 3 10 0.01
Yes
100 40 3 10 0.03
Yes
100 40 3 10 0.05
Yes
100 40 3 10 0.07
Yes
100 40 3 10 0.1
No
100 40 3 10 0.3
No
100 40 3 10 0.5
No
100 40 3 10 0.7
No
100 40 3 10 1.0
No
100 40 4 10 0.001
No
100 40 4 10 0.003
Yes
100 40 4 10 0.005
Yes
100 40 4 10 0.007
No
100 40 4 10 0.01
Yes
100 40 4 10 0.03
No
100 40 4 10 0.05
Yes
100 40 4 10 0.07
Yes
100 40 4 10 0.1
No
100 40 4 10 0.3
No
100 40 4 10 0.5
No
100 40 4 10 0.7
No
100 40 4 10 1.0
No
100 40 5 10 0.001
No
100 40 5 10 0.003
No
100 40 5 10 0.005
Yes
100 40 5 10 0.007
Yes
100 40 5 10 0.01
Yes
100 40 5 10 0.03
Yes
100 40 5 10 0.05
Yes
100 40 5 10 0.07
Yes
100 40 5 10 0.1
No
100 40 5 10 0.3
No
100 40 5 10 0.5
No
100 40 5 10 0.7
No
100 40 5 10 1.0
No
100 41 1 10 0.001
No
100 41 1 10 0.003
No
100 41 1 10 0.005
No
100 41 1 10 0.007
No
100 41 1 10 0.01
No
100 41 1 10 0.03
No
100 41 1 10 0.05
No
100 41 1 10 0.07
No
100 41 1 10 0.1
No
100 41 1 10 0.3
No
100 41 1 10 0.5
No
100 41 1 10 0.7
No
100 41 1 10 1.0
No
100 41 2 10 0.001
Yes
100 41 2 10 0.003
No
100 41 2 10 0.005
Yes
100 41 2 10 0.007
Yes
100 41 2 10 0.01
Yes
100 41 2 10 0.03
No
100 41 2 10 0.05
Yes
100 41 2 10 0.07
Yes
100 41 2 10 0.1
No
100 41 2 10 0.3
No
100 41 2 10 0.5
No
100 41 2 10 0.7
No
100 41 2 10 1.0
No
100 41 3 10 0.001
No
100 41 3 10 0.003
Yes
100 41 3 10 0.005
Yes
100 41 3 10 0.007
Yes
100 41 3 10 0.01
No
100 41 3 10 0.03
Yes
100 41 3 10 0.05
Yes
100 41 3 10 0.07
Yes
100 41 3 10 0.1
No
100 41 3 10 0.3
No
100 41 3 10 0.5
No
100 41 3 10 0.7
No
100 41 3 10 1.0
No
100 41 4 10 0.001
No
100 41 4 10 0.003
Yes
100 41 4 10 0.005
Yes
100 41 4 10 0.007
Yes
100 41 4 10 0.01
Yes
100 41 4 10 0.03
Yes
100 41 4 10 0.05
Yes
100 41 4 10 0.07
Yes
100 41 4 10 0.1
Yes
100 41 4 10 0.3
No
100 41 4 10 0.5
No
100 41 4 10 0.7
No
100 41 4 10 1.0
No
100 41 5 10 0.001
No
100 41 5 10 0.003
No
100 41 5 10 0.005
No
100 41 5 10 0.007
Yes
100 41 5 10 0.01
Yes
100 41 5 10 0.03
Yes
100 41 5 10 0.05
Yes
100 41 5 10 0.07
Yes
100 41 5 10 0.1
No
100 41 5 10 0.3
No
100 41 5 10 0.5
No
100 41 5 10 0.7
No
100 41 5 10 1.0
No
100 42 1 10 0.001
Yes
100 42 1 10 0.003
No
100 42 1 10 0.005
No
100 42 1 10 0.007
No
100 42 1 10 0.01
Yes
100 42 1 10 0.03
Yes
100 42 1 10 0.05
No
100 42 1 10 0.07
No
100 42 1 10 0.1
No
100 42 1 10 0.3
No
100 42 1 10 0.5
No
100 42 1 10 0.7
No
100 42 1 10 1.0
No
100 42 2 10 0.001
No
100 42 2 10 0.003
Yes
100 42 2 10 0.005
No
100 42 2 10 0.007
Yes
100 42 2 10 0.01
Yes
100 42 2 10 0.03
Yes
100 42 2 10 0.05
Yes
100 42 2 10 0.07
Yes
100 42 2 10 0.1
No
100 42 2 10 0.3
No
100 42 2 10 0.5
No
100 42 2 10 0.7
No
100 42 2 10 1.0
No
100 42 3 10 0.001
Yes
100 42 3 10 0.003
Yes
100 42 3 10 0.005
Yes
100 42 3 10 0.007
Yes
100 42 3 10 0.01
Yes
100 42 3 10 0.03
Yes
100 42 3 10 0.05
Yes
100 42 3 10 0.07
Yes
100 42 3 10 0.1
Yes
100 42 3 10 0.3
No
100 42 3 10 0.5
No
100 42 3 10 0.7
No
100 42 3 10 1.0
No
100 42 4 10 0.001
No
100 42 4 10 0.003
No
100 42 4 10 0.005
Yes
100 42 4 10 0.007
Yes
100 42 4 10 0.01
Yes
100 42 4 10 0.03
Yes
100 42 4 10 0.05
Yes
100 42 4 10 0.07
Yes
100 42 4 10 0.1
No
100 42 4 10 0.3
No
100 42 4 10 0.5
No
100 42 4 10 0.7
No
100 42 4 10 1.0
No
100 42 5 10 0.001
No
100 42 5 10 0.003
Yes
100 42 5 10 0.005
Yes
100 42 5 10 0.007
Yes
100 42 5 10 0.01
Yes
100 42 5 10 0.03
Yes
100 42 5 10 0.05
Yes
100 42 5 10 0.07
Yes
100 42 5 10 0.1
No
100 42 5 10 0.3
No
100 42 5 10 0.5
No
100 42 5 10 0.7
No
100 42 5 10 1.0
No
100 43 1 10 0.001
No
100 43 1 10 0.003
Yes
100 43 1 10 0.005
Yes
100 43 1 10 0.007
No
100 43 1 10 0.01
No
100 43 1 10 0.03
No
100 43 1 10 0.05
No
100 43 1 10 0.07
No
100 43 1 10 0.1
No
100 43 1 10 0.3
No
100 43 1 10 0.5
No
100 43 1 10 0.7
No
100 43 1 10 1.0
No
100 43 2 10 0.001
Yes
100 43 2 10 0.003
No
100 43 2 10 0.005
Yes
100 43 2 10 0.007
Yes
100 43 2 10 0.01
Yes
100 43 2 10 0.03
No
100 43 2 10 0.05
Yes
100 43 2 10 0.07
Yes
100 43 2 10 0.1
No
100 43 2 10 0.3
No
100 43 2 10 0.5
No
100 43 2 10 0.7
No
100 43 2 10 1.0
No
100 43 3 10 0.001
Yes
100 43 3 10 0.003
No
100 43 3 10 0.005
Yes
100 43 3 10 0.007
Yes
100 43 3 10 0.01
Yes
100 43 3 10 0.03
Yes
100 43 3 10 0.05
Yes
100 43 3 10 0.07
Yes
100 43 3 10 0.1
Yes
100 43 3 10 0.3
No
100 43 3 10 0.5
No
100 43 3 10 0.7
No
100 43 3 10 1.0
No
100 43 4 10 0.001
No
100 43 4 10 0.003
Yes
100 43 4 10 0.005
Yes
100 43 4 10 0.007
Yes
100 43 4 10 0.01
Yes
100 43 4 10 0.03
Yes
100 43 4 10 0.05
Yes
100 43 4 10 0.07
Yes
100 43 4 10 0.1
Yes
100 43 4 10 0.3
No
100 43 4 10 0.5
No
100 43 4 10 0.7
No
100 43 4 10 1.0
No
100 43 5 10 0.001
Yes
100 43 5 10 0.003
Yes
100 43 5 10 0.005
Yes
100 43 5 10 0.007
Yes
100 43 5 10 0.01
Yes
100 43 5 10 0.03
Yes
100 43 5 10 0.05
Yes
100 43 5 10 0.07
Yes
100 43 5 10 0.1
No
100 43 5 10 0.3
No
100 43 5 10 0.5
No
100 43 5 10 0.7
No
100 43 5 10 1.0
No
100 44 1 10 0.001
No
100 44 1 10 0.003
No
100 44 1 10 0.005
No
100 44 1 10 0.007
No
100 44 1 10 0.01
No
100 44 1 10 0.03
No
100 44 1 10 0.05
No
100 44 1 10 0.07
No
100 44 1 10 0.1
No
100 44 1 10 0.3
No
100 44 1 10 0.5
No
100 44 1 10 0.7
No
100 44 1 10 1.0
No
100 44 2 10 0.001
No
100 44 2 10 0.003
No
100 44 2 10 0.005
Yes
100 44 2 10 0.007
No
100 44 2 10 0.01
Yes
100 44 2 10 0.03
Yes
100 44 2 10 0.05
Yes
100 44 2 10 0.07
Yes
100 44 2 10 0.1
No
100 44 2 10 0.3
No
100 44 2 10 0.5
No
100 44 2 10 0.7
No
100 44 2 10 1.0
No
100 44 3 10 0.001
Yes
100 44 3 10 0.003
Yes
100 44 3 10 0.005
Yes
100 44 3 10 0.007
No
100 44 3 10 0.01
Yes
100 44 3 10 0.03
Yes
100 44 3 10 0.05
Yes
100 44 3 10 0.07
Yes
100 44 3 10 0.1
No
100 44 3 10 0.3
No
100 44 3 10 0.5
No
100 44 3 10 0.7
No
100 44 3 10 1.0
No
100 44 4 10 0.001
No
100 44 4 10 0.003
Yes
100 44 4 10 0.005
Yes
100 44 4 10 0.007
Yes
100 44 4 10 0.01
Yes
100 44 4 10 0.03
Yes
100 44 4 10 0.05
Yes
100 44 4 10 0.07
Yes
100 44 4 10 0.1
No
100 44 4 10 0.3
No
100 44 4 10 0.5
No
100 44 4 10 0.7
No
100 44 4 10 1.0
No
100 44 5 10 0.001
No
100 44 5 10 0.003
Yes
100 44 5 10 0.005
Yes
100 44 5 10 0.007
Yes
100 44 5 10 0.01
Yes
100 44 5 10 0.03
Yes
100 44 5 10 0.05
Yes
100 44 5 10 0.07
Yes
100 44 5 10 0.1
Yes
100 44 5 10 0.3
No
100 44 5 10 0.5
No
100 44 5 10 0.7
No
100 44 5 10 1.0
No
100 45 1 10 0.001
No
100 45 1 10 0.003
No
100 45 1 10 0.005
No
100 45 1 10 0.007
Yes
100 45 1 10 0.01
No
100 45 1 10 0.03
Yes
100 45 1 10 0.05
No
100 45 1 10 0.07
No
100 45 1 10 0.1
No
100 45 1 10 0.3
No
100 45 1 10 0.5
No
100 45 1 10 0.7
No
100 45 1 10 1.0
No
100 45 2 10 0.001
No
100 45 2 10 0.003
Yes
100 45 2 10 0.005
Yes
100 45 2 10 0.007
Yes
100 45 2 10 0.01
No
100 45 2 10 0.03
Yes
100 45 2 10 0.05
Yes
100 45 2 10 0.07
Yes
100 45 2 10 0.1
No
100 45 2 10 0.3
No
100 45 2 10 0.5
No
100 45 2 10 0.7
No
100 45 2 10 1.0
No
100 45 3 10 0.001
No
100 45 3 10 0.003
No
100 45 3 10 0.005
Yes
100 45 3 10 0.007
Yes
100 45 3 10 0.01
No
100 45 3 10 0.03
Yes
100 45 3 10 0.05
Yes
100 45 3 10 0.07
Yes
100 45 3 10 0.1
Yes
100 45 3 10 0.3
No
100 45 3 10 0.5
No
100 45 3 10 0.7
No
100 45 3 10 1.0
No
100 45 4 10 0.001
No
100 45 4 10 0.003
Yes
100 45 4 10 0.005
Yes
100 45 4 10 0.007
Yes
100 45 4 10 0.01
Yes
100 45 4 10 0.03
Yes
100 45 4 10 0.05
Yes
100 45 4 10 0.07
No
100 45 4 10 0.1
No
100 45 4 10 0.3
No
100 45 4 10 0.5
No
100 45 4 10 0.7
No
100 45 4 10 1.0
No
100 45 5 10 0.001
No
100 45 5 10 0.003
Yes
100 45 5 10 0.005
Yes
100 45 5 10 0.007
Yes
100 45 5 10 0.01
Yes
100 45 5 10 0.03
Yes
100 45 5 10 0.05
Yes
100 45 5 10 0.07
Yes
100 45 5 10 0.1
Yes
100 45 5 10 0.3
No
100 45 5 10 0.5
No
100 45 5 10 0.7
No
100 45 5 10 1.0
No
100 46 1 10 0.001
Yes
100 46 1 10 0.003
No
100 46 1 10 0.005
No
100 46 1 10 0.007
No
100 46 1 10 0.01
Yes
100 46 1 10 0.03
No
100 46 1 10 0.05
No
100 46 1 10 0.07
No
100 46 1 10 0.1
No
100 46 1 10 0.3
No
100 46 1 10 0.5
No
100 46 1 10 0.7
No
100 46 1 10 1.0
No
100 46 2 10 0.001
Yes
100 46 2 10 0.003
No
100 46 2 10 0.005
Yes
100 46 2 10 0.007
Yes
100 46 2 10 0.01
Yes
100 46 2 10 0.03
Yes
100 46 2 10 0.05
Yes
100 46 2 10 0.07
Yes
100 46 2 10 0.1
No
100 46 2 10 0.3
No
100 46 2 10 0.5
No
100 46 2 10 0.7
No
100 46 2 10 1.0
No
100 46 3 10 0.001
Yes
100 46 3 10 0.003
No
100 46 3 10 0.005
No
100 46 3 10 0.007
Yes
100 46 3 10 0.01
Yes
100 46 3 10 0.03
Yes
100 46 3 10 0.05
Yes
100 46 3 10 0.07
Yes
100 46 3 10 0.1
No
100 46 3 10 0.3
No
100 46 3 10 0.5
No
100 46 3 10 0.7
No
100 46 3 10 1.0
No
100 46 4 10 0.001
No
100 46 4 10 0.003
Yes
100 46 4 10 0.005
Yes
100 46 4 10 0.007
Yes
100 46 4 10 0.01
Yes
100 46 4 10 0.03
Yes
100 46 4 10 0.05
Yes
100 46 4 10 0.07
Yes
100 46 4 10 0.1
No
100 46 4 10 0.3
No
100 46 4 10 0.5
No
100 46 4 10 0.7
No
100 46 4 10 1.0
No
100 46 5 10 0.001
Yes
100 46 5 10 0.003
Yes
100 46 5 10 0.005
Yes
100 46 5 10 0.007
Yes
100 46 5 10 0.01
Yes
100 46 5 10 0.03
Yes
100 46 5 10 0.05
Yes
100 46 5 10 0.07
No
100 46 5 10 0.1
No
100 46 5 10 0.3
No
100 46 5 10 0.5
No
100 46 5 10 0.7
No
100 46 5 10 1.0
No
100 47 1 10 0.001
No
100 47 1 10 0.003
No
100 47 1 10 0.005
Yes
100 47 1 10 0.007
Yes
100 47 1 10 0.01
Yes
100 47 1 10 0.03
Yes
100 47 1 10 0.05
No
100 47 1 10 0.07
No
100 47 1 10 0.1
No
100 47 1 10 0.3
No
100 47 1 10 0.5
No
100 47 1 10 0.7
No
100 47 1 10 1.0
No
100 47 2 10 0.001
No
100 47 2 10 0.003
Yes
100 47 2 10 0.005
No
100 47 2 10 0.007
Yes
100 47 2 10 0.01
No
100 47 2 10 0.03
Yes
100 47 2 10 0.05
Yes
100 47 2 10 0.07
Yes
100 47 2 10 0.1
Yes
100 47 2 10 0.3
No
100 47 2 10 0.5
No
100 47 2 10 0.7
No
100 47 2 10 1.0
No
100 47 3 10 0.001
No
100 47 3 10 0.003
Yes
100 47 3 10 0.005
Yes
100 47 3 10 0.007
Yes
100 47 3 10 0.01
Yes
100 47 3 10 0.03
Yes
100 47 3 10 0.05
Yes
100 47 3 10 0.07
Yes
100 47 3 10 0.1
No
100 47 3 10 0.3
No
100 47 3 10 0.5
No
100 47 3 10 0.7
No
100 47 3 10 1.0
No
100 47 4 10 0.001
No
100 47 4 10 0.003
Yes
100 47 4 10 0.005
Yes
100 47 4 10 0.007
Yes
100 47 4 10 0.01
Yes
100 47 4 10 0.03
Yes
100 47 4 10 0.05
Yes
100 47 4 10 0.07
Yes
100 47 4 10 0.1
No
100 47 4 10 0.3
No
100 47 4 10 0.5
No
100 47 4 10 0.7
No
100 47 4 10 1.0
No
100 47 5 10 0.001
No
100 47 5 10 0.003
Yes
100 47 5 10 0.005
Yes
100 47 5 10 0.007
Yes
100 47 5 10 0.01
Yes
100 47 5 10 0.03
No
100 47 5 10 0.05
Yes
100 47 5 10 0.07
Yes
100 47 5 10 0.1
No
100 47 5 10 0.3
No
100 47 5 10 0.5
No
100 47 5 10 0.7
No
100 47 5 10 1.0
No
100 48 1 10 0.001
No
100 48 1 10 0.003
Yes
100 48 1 10 0.005
No
100 48 1 10 0.007
Yes
100 48 1 10 0.01
Yes
100 48 1 10 0.03
Yes
100 48 1 10 0.05
No
100 48 1 10 0.07
No
100 48 1 10 0.1
No
100 48 1 10 0.3
No
100 48 1 10 0.5
No
100 48 1 10 0.7
No
100 48 1 10 1.0
No
100 48 2 10 0.001
Yes
100 48 2 10 0.003
No
100 48 2 10 0.005
Yes
100 48 2 10 0.007
Yes
100 48 2 10 0.01
Yes
100 48 2 10 0.03
Yes
100 48 2 10 0.05
Yes
100 48 2 10 0.07
Yes
100 48 2 10 0.1
No
100 48 2 10 0.3
No
100 48 2 10 0.5
No
100 48 2 10 0.7
No
100 48 2 10 1.0
No
100 48 3 10 0.001
Yes
100 48 3 10 0.003
Yes
100 48 3 10 0.005
Yes
100 48 3 10 0.007
Yes
100 48 3 10 0.01
Yes
100 48 3 10 0.03
Yes
100 48 3 10 0.05
Yes
100 48 3 10 0.07
Yes
100 48 3 10 0.1
No
100 48 3 10 0.3
No
100 48 3 10 0.5
No
100 48 3 10 0.7
No
100 48 3 10 1.0
No
100 48 4 10 0.001
Yes
100 48 4 10 0.003
Yes
100 48 4 10 0.005
No
100 48 4 10 0.007
Yes
100 48 4 10 0.01
Yes
100 48 4 10 0.03
Yes
100 48 4 10 0.05
Yes
100 48 4 10 0.07
Yes
100 48 4 10 0.1
No
100 48 4 10 0.3
No
100 48 4 10 0.5
No
100 48 4 10 0.7
No
100 48 4 10 1.0
No
100 48 5 10 0.001
Yes
100 48 5 10 0.003
Yes
100 48 5 10 0.005
Yes
100 48 5 10 0.007
Yes
100 48 5 10 0.01
Yes
100 48 5 10 0.03
Yes
100 48 5 10 0.05
Yes
100 48 5 10 0.07
Yes
100 48 5 10 0.1
No
100 48 5 10 0.3
No
100 48 5 10 0.5
No
100 48 5 10 0.7
No
100 48 5 10 1.0
No
100 49 1 10 0.001
Yes
100 49 1 10 0.003
No
100 49 1 10 0.005
No
100 49 1 10 0.007
Yes
100 49 1 10 0.01
No
100 49 1 10 0.03
No
100 49 1 10 0.05
No
100 49 1 10 0.07
No
100 49 1 10 0.1
No
100 49 1 10 0.3
No
100 49 1 10 0.5
No
100 49 1 10 0.7
No
100 49 1 10 1.0
No
100 49 2 10 0.001
No
100 49 2 10 0.003
Yes
100 49 2 10 0.005
Yes
100 49 2 10 0.007
Yes
100 49 2 10 0.01
No
100 49 2 10 0.03
Yes
100 49 2 10 0.05
Yes
100 49 2 10 0.07
Yes
100 49 2 10 0.1
No
100 49 2 10 0.3
No
100 49 2 10 0.5
No
100 49 2 10 0.7
No
100 49 2 10 1.0
No
100 49 3 10 0.001
Yes
100 49 3 10 0.003
Yes
100 49 3 10 0.005
Yes
100 49 3 10 0.007
Yes
100 49 3 10 0.01
Yes
100 49 3 10 0.03
Yes
100 49 3 10 0.05
No
100 49 3 10 0.07
No
100 49 3 10 0.1
No
100 49 3 10 0.3
No
100 49 3 10 0.5
No
100 49 3 10 0.7
No
100 49 3 10 1.0
No
100 49 4 10 0.001
Yes
100 49 4 10 0.003
Yes
100 49 4 10 0.005
Yes
100 49 4 10 0.007
Yes
100 49 4 10 0.01
Yes
100 49 4 10 0.03
Yes
100 49 4 10 0.05
Yes
100 49 4 10 0.07
Yes
100 49 4 10 0.1
No
100 49 4 10 0.3
No
100 49 4 10 0.5
No
100 49 4 10 0.7
No
100 49 4 10 1.0
No
100 49 5 10 0.001
Yes
100 49 5 10 0.003
Yes
100 49 5 10 0.005
Yes
100 49 5 10 0.007
Yes
100 49 5 10 0.01
Yes
100 49 5 10 0.03
Yes
100 49 5 10 0.05
Yes
100 49 5 10 0.07
Yes
100 49 5 10 0.1
No
100 49 5 10 0.3
No
100 49 5 10 0.5
No
100 49 5 10 0.7
No
100 49 5 10 1.0
No
100 50 1 10 0.001
No
100 50 1 10 0.003
No
100 50 1 10 0.005
Yes
100 50 1 10 0.007
Yes
100 50 1 10 0.01
Yes
100 50 1 10 0.03
No
100 50 1 10 0.05
No
100 50 1 10 0.07
Yes
100 50 1 10 0.1
No
100 50 1 10 0.3
No
100 50 1 10 0.5
No
100 50 1 10 0.7
No
100 50 1 10 1.0
No
100 50 2 10 0.001
Yes
100 50 2 10 0.003
Yes
100 50 2 10 0.005
Yes
100 50 2 10 0.007
Yes
100 50 2 10 0.01
Yes
100 50 2 10 0.03
Yes
100 50 2 10 0.05
Yes
100 50 2 10 0.07
Yes
100 50 2 10 0.1
No
100 50 2 10 0.3
No
100 50 2 10 0.5
No
100 50 2 10 0.7
No
100 50 2 10 1.0
No
100 50 3 10 0.001
Yes
100 50 3 10 0.003
Yes
100 50 3 10 0.005
Yes
100 50 3 10 0.007
Yes
100 50 3 10 0.01
Yes
100 50 3 10 0.03
Yes
100 50 3 10 0.05
Yes
100 50 3 10 0.07
Yes
100 50 3 10 0.1
No
100 50 3 10 0.3
No
100 50 3 10 0.5
No
100 50 3 10 0.7
No
100 50 3 10 1.0
No
100 50 4 10 0.001
Yes
100 50 4 10 0.003
No
100 50 4 10 0.005
Yes
100 50 4 10 0.007
Yes
100 50 4 10 0.01
Yes
100 50 4 10 0.03
Yes
100 50 4 10 0.05
Yes
100 50 4 10 0.07
Yes
100 50 4 10 0.1
No
100 50 4 10 0.3
No
100 50 4 10 0.5
No
100 50 4 10 0.7
No
100 50 4 10 1.0
No
100 50 5 10 0.001
Yes
100 50 5 10 0.003
Yes
100 50 5 10 0.005
Yes
100 50 5 10 0.007
Yes
100 50 5 10 0.01
Yes
100 50 5 10 0.03
Yes
100 50 5 10 0.05
Yes
100 50 5 10 0.07
Yes
100 50 5 10 0.1
No
100 50 5 10 0.3
No
100 50 5 10 0.5
No
100 50 5 10 0.7
No
100 50 5 10 1.0
No
100 51 1 10 0.001
Yes
100 51 1 10 0.003
No
100 51 1 10 0.005
Yes
100 51 1 10 0.007
Yes
100 51 1 10 0.01
Yes
100 51 1 10 0.03
No
100 51 1 10 0.05
Yes
100 51 1 10 0.07
No
100 51 1 10 0.1
No
100 51 1 10 0.3
No
100 51 1 10 0.5
No
100 51 1 10 0.7
No
100 51 1 10 1.0
No
100 51 2 10 0.001
Yes
100 51 2 10 0.003
Yes
100 51 2 10 0.005
Yes
100 51 2 10 0.007
No
100 51 2 10 0.01
Yes
100 51 2 10 0.03
Yes
100 51 2 10 0.05
Yes
100 51 2 10 0.07
Yes
100 51 2 10 0.1
No
100 51 2 10 0.3
No
100 51 2 10 0.5
No
100 51 2 10 0.7
No
100 51 2 10 1.0
No
100 51 3 10 0.001
Yes
100 51 3 10 0.003
Yes
100 51 3 10 0.005
Yes
100 51 3 10 0.007
No
100 51 3 10 0.01
Yes
100 51 3 10 0.03
Yes
100 51 3 10 0.05
Yes
100 51 3 10 0.07
Yes
100 51 3 10 0.1
Yes
100 51 3 10 0.3
No
100 51 3 10 0.5
No
100 51 3 10 0.7
No
100 51 3 10 1.0
No
100 51 4 10 0.001
Yes
100 51 4 10 0.003
No
100 51 4 10 0.005
No
100 51 4 10 0.007
Yes
100 51 4 10 0.01
Yes
100 51 4 10 0.03
Yes
100 51 4 10 0.05
Yes
100 51 4 10 0.07
Yes
100 51 4 10 0.1
No
100 51 4 10 0.3
No
100 51 4 10 0.5
No
100 51 4 10 0.7
No
100 51 4 10 1.0
No
100 51 5 10 0.001
Yes
100 51 5 10 0.003
Yes
100 51 5 10 0.005
Yes
100 51 5 10 0.007
Yes
100 51 5 10 0.01
Yes
100 51 5 10 0.03
Yes
100 51 5 10 0.05
Yes
100 51 5 10 0.07
Yes
100 51 5 10 0.1
Yes
100 51 5 10 0.3
No
100 51 5 10 0.5
No
100 51 5 10 0.7
No
100 51 5 10 1.0
No
100 52 1 10 0.001
Yes
100 52 1 10 0.003
No
100 52 1 10 0.005
Yes
100 52 1 10 0.007
No
100 52 1 10 0.01
No
100 52 1 10 0.03
No
100 52 1 10 0.05
No
100 52 1 10 0.07
No
100 52 1 10 0.1
No
100 52 1 10 0.3
No
100 52 1 10 0.5
No
100 52 1 10 0.7
No
100 52 1 10 1.0
No
100 52 2 10 0.001
Yes
100 52 2 10 0.003
Yes
100 52 2 10 0.005
No
100 52 2 10 0.007
Yes
100 52 2 10 0.01
Yes
100 52 2 10 0.03
Yes
100 52 2 10 0.05
Yes
100 52 2 10 0.07
Yes
100 52 2 10 0.1
No
100 52 2 10 0.3
No
100 52 2 10 0.5
No
100 52 2 10 0.7
No
100 52 2 10 1.0
No
100 52 3 10 0.001
Yes
100 52 3 10 0.003
Yes
100 52 3 10 0.005
Yes
100 52 3 10 0.007
Yes
100 52 3 10 0.01
Yes
100 52 3 10 0.03
Yes
100 52 3 10 0.05
Yes
100 52 3 10 0.07
No
100 52 3 10 0.1
No
100 52 3 10 0.3
No
100 52 3 10 0.5
No
100 52 3 10 0.7
No
100 52 3 10 1.0
No
100 52 4 10 0.001
Yes
100 52 4 10 0.003
Yes
100 52 4 10 0.005
Yes
100 52 4 10 0.007
No
100 52 4 10 0.01
No
100 52 4 10 0.03
Yes
100 52 4 10 0.05
Yes
100 52 4 10 0.07
Yes
100 52 4 10 0.1
No
100 52 4 10 0.3
No
100 52 4 10 0.5
No
100 52 4 10 0.7
No
100 52 4 10 1.0
No
100 52 5 10 0.001
Yes
100 52 5 10 0.003
Yes
100 52 5 10 0.005
Yes
100 52 5 10 0.007
Yes
100 52 5 10 0.01
Yes
100 52 5 10 0.03
Yes
100 52 5 10 0.05
Yes
100 52 5 10 0.07
No
100 52 5 10 0.1
Yes
100 52 5 10 0.3
No
100 52 5 10 0.5
No
100 52 5 10 0.7
No
100 52 5 10 1.0
No
100 53 1 10 0.001
Yes
100 53 1 10 0.003
Yes
100 53 1 10 0.005
Yes
100 53 1 10 0.007
No
100 53 1 10 0.01
Yes
100 53 1 10 0.03
Yes
100 53 1 10 0.05
Yes
100 53 1 10 0.07
No
100 53 1 10 0.1
No
100 53 1 10 0.3
No
100 53 1 10 0.5
No
100 53 1 10 0.7
No
100 53 1 10 1.0
No
100 53 2 10 0.001
Yes
100 53 2 10 0.003
Yes
100 53 2 10 0.005
Yes
100 53 2 10 0.007
Yes
100 53 2 10 0.01
Yes
100 53 2 10 0.03
Yes
100 53 2 10 0.05
Yes
100 53 2 10 0.07
Yes
100 53 2 10 0.1
No
100 53 2 10 0.3
No
100 53 2 10 0.5
No
100 53 2 10 0.7
No
100 53 2 10 1.0
No
100 53 3 10 0.001
Yes
100 53 3 10 0.003
No
100 53 3 10 0.005
Yes
100 53 3 10 0.007
Yes
100 53 3 10 0.01
Yes
100 53 3 10 0.03
Yes
100 53 3 10 0.05
Yes
100 53 3 10 0.07
No
100 53 3 10 0.1
No
100 53 3 10 0.3
No
100 53 3 10 0.5
No
100 53 3 10 0.7
No
100 53 3 10 1.0
No
100 53 4 10 0.001
Yes
100 53 4 10 0.003
Yes
100 53 4 10 0.005
No
100 53 4 10 0.007
No
100 53 4 10 0.01
Yes
100 53 4 10 0.03
Yes
100 53 4 10 0.05
Yes
100 53 4 10 0.07
Yes
100 53 4 10 0.1
No
100 53 4 10 0.3
No
100 53 4 10 0.5
No
100 53 4 10 0.7
No
100 53 4 10 1.0
No
100 53 5 10 0.001
No
100 53 5 10 0.003
Yes
100 53 5 10 0.005
Yes
100 53 5 10 0.007
Yes
100 53 5 10 0.01
Yes
100 53 5 10 0.03
Yes
100 53 5 10 0.05
Yes
100 53 5 10 0.07
Yes
100 53 5 10 0.1
No
100 53 5 10 0.3
No
100 53 5 10 0.5
No
100 53 5 10 0.7
No
100 53 5 10 1.0
No
100 54 1 10 0.001
No
100 54 1 10 0.003
Yes
100 54 1 10 0.005
Yes
100 54 1 10 0.007
No
100 54 1 10 0.01
No
100 54 1 10 0.03
No
100 54 1 10 0.05
No
100 54 1 10 0.07
No
100 54 1 10 0.1
No
100 54 1 10 0.3
No
100 54 1 10 0.5
No
100 54 1 10 0.7
No
100 54 1 10 1.0
No
100 54 2 10 0.001
No
100 54 2 10 0.003
No
100 54 2 10 0.005
No
100 54 2 10 0.007
Yes
100 54 2 10 0.01
Yes
100 54 2 10 0.03
Yes
100 54 2 10 0.05
Yes
100 54 2 10 0.07
No
100 54 2 10 0.1
No
100 54 2 10 0.3
No
100 54 2 10 0.5
No
100 54 2 10 0.7
No
100 54 2 10 1.0
No
100 54 3 10 0.001
Yes
100 54 3 10 0.003
Yes
100 54 3 10 0.005
Yes
100 54 3 10 0.007
Yes
100 54 3 10 0.01
Yes
100 54 3 10 0.03
Yes
100 54 3 10 0.05
Yes
100 54 3 10 0.07
Yes
100 54 3 10 0.1
No
100 54 3 10 0.3
No
100 54 3 10 0.5
No
100 54 3 10 0.7
No
100 54 3 10 1.0
No
100 54 4 10 0.001
Yes
100 54 4 10 0.003
Yes
100 54 4 10 0.005
Yes
100 54 4 10 0.007
No
100 54 4 10 0.01
Yes
100 54 4 10 0.03
Yes
100 54 4 10 0.05
No
100 54 4 10 0.07
Yes
100 54 4 10 0.1
No
100 54 4 10 0.3
No
100 54 4 10 0.5
No
100 54 4 10 0.7
No
100 54 4 10 1.0
No
100 54 5 10 0.001
Yes
100 54 5 10 0.003
Yes
100 54 5 10 0.005
Yes
100 54 5 10 0.007
Yes
100 54 5 10 0.01
Yes
100 54 5 10 0.03
Yes
100 54 5 10 0.05
Yes
100 54 5 10 0.07
No
100 54 5 10 0.1
No
100 54 5 10 0.3
No
100 54 5 10 0.5
No
100 54 5 10 0.7
No
100 54 5 10 1.0
No
100 55 1 10 0.001
Yes
100 55 1 10 0.003
No
100 55 1 10 0.005
Yes
100 55 1 10 0.007
No
100 55 1 10 0.01
No
100 55 1 10 0.03
Yes
100 55 1 10 0.05
No
100 55 1 10 0.07
No
100 55 1 10 0.1
No
100 55 1 10 0.3
No
100 55 1 10 0.5
No
100 55 1 10 0.7
No
100 55 1 10 1.0
No
100 55 2 10 0.001
Yes
100 55 2 10 0.003
Yes
100 55 2 10 0.005
No
100 55 2 10 0.007
Yes
100 55 2 10 0.01
Yes
100 55 2 10 0.03
Yes
100 55 2 10 0.05
Yes
100 55 2 10 0.07
Yes
100 55 2 10 0.1
No
100 55 2 10 0.3
No
100 55 2 10 0.5
No
100 55 2 10 0.7
No
100 55 2 10 1.0
No
100 55 3 10 0.001
Yes
100 55 3 10 0.003
Yes
100 55 3 10 0.005
Yes
100 55 3 10 0.007
Yes
100 55 3 10 0.01
Yes
100 55 3 10 0.03
Yes
100 55 3 10 0.05
Yes
100 55 3 10 0.07
No
100 55 3 10 0.1
No
100 55 3 10 0.3
No
100 55 3 10 0.5
No
100 55 3 10 0.7
No
100 55 3 10 1.0
No
100 55 4 10 0.001
No
100 55 4 10 0.003
Yes
100 55 4 10 0.005
Yes
100 55 4 10 0.007
Yes
100 55 4 10 0.01
Yes
100 55 4 10 0.03
Yes
100 55 4 10 0.05
Yes
100 55 4 10 0.07
No
100 55 4 10 0.1
No
100 55 4 10 0.3
No
100 55 4 10 0.5
No
100 55 4 10 0.7
No
100 55 4 10 1.0
No
100 55 5 10 0.001
Yes
100 55 5 10 0.003
Yes
100 55 5 10 0.005
No
100 55 5 10 0.007
Yes
100 55 5 10 0.01
Yes
100 55 5 10 0.03
Yes
100 55 5 10 0.05
Yes
100 55 5 10 0.07
Yes
100 55 5 10 0.1
No
100 55 5 10 0.3
No
100 55 5 10 0.5
No
100 55 5 10 0.7
No
100 55 5 10 1.0
No
100 56 1 10 0.001
Yes
100 56 1 10 0.003
Yes
100 56 1 10 0.005
No
100 56 1 10 0.007
No
100 56 1 10 0.01
Yes
100 56 1 10 0.03
Yes
100 56 1 10 0.05
Yes
100 56 1 10 0.07
No
100 56 1 10 0.1
No
100 56 1 10 0.3
No
100 56 1 10 0.5
No
100 56 1 10 0.7
No
100 56 1 10 1.0
No
100 56 2 10 0.001
Yes
100 56 2 10 0.003
Yes
100 56 2 10 0.005
No
100 56 2 10 0.007
Yes
100 56 2 10 0.01
Yes
100 56 2 10 0.03
Yes
100 56 2 10 0.05
Yes
100 56 2 10 0.07
No
100 56 2 10 0.1
No
100 56 2 10 0.3
No
100 56 2 10 0.5
No
100 56 2 10 0.7
No
100 56 2 10 1.0
No
100 56 3 10 0.001
No
100 56 3 10 0.003
No
100 56 3 10 0.005
Yes
100 56 3 10 0.007
Yes
100 56 3 10 0.01
Yes
100 56 3 10 0.03
Yes
100 56 3 10 0.05
Yes
100 56 3 10 0.07
No
100 56 3 10 0.1
No
100 56 3 10 0.3
No
100 56 3 10 0.5
No
100 56 3 10 0.7
No
100 56 3 10 1.0
No
100 56 4 10 0.001
No
100 56 4 10 0.003
Yes
100 56 4 10 0.005
Yes
100 56 4 10 0.007
Yes
100 56 4 10 0.01
Yes
100 56 4 10 0.03
Yes
100 56 4 10 0.05
Yes
100 56 4 10 0.07
Yes
100 56 4 10 0.1
No
100 56 4 10 0.3
No
100 56 4 10 0.5
No
100 56 4 10 0.7
No
100 56 4 10 1.0
No
100 56 5 10 0.001
No
100 56 5 10 0.003
Yes
100 56 5 10 0.005
Yes
100 56 5 10 0.007
Yes
100 56 5 10 0.01
Yes
100 56 5 10 0.03
Yes
100 56 5 10 0.05
Yes
100 56 5 10 0.07
No
100 56 5 10 0.1
No
100 56 5 10 0.3
No
100 56 5 10 0.5
No
100 56 5 10 0.7
No
100 56 5 10 1.0
No
100 57 1 10 0.001
Yes
100 57 1 10 0.003
Yes
100 57 1 10 0.005
Yes
100 57 1 10 0.007
Yes
100 57 1 10 0.01
No
100 57 1 10 0.03
Yes
100 57 1 10 0.05
Yes
100 57 1 10 0.07
No
100 57 1 10 0.1
No
100 57 1 10 0.3
No
100 57 1 10 0.5
No
100 57 1 10 0.7
No
100 57 1 10 1.0
No
100 57 2 10 0.001
Yes
100 57 2 10 0.003
Yes
100 57 2 10 0.005
Yes
100 57 2 10 0.007
Yes
100 57 2 10 0.01
Yes
100 57 2 10 0.03
Yes
100 57 2 10 0.05
Yes
100 57 2 10 0.07
Yes
100 57 2 10 0.1
No
100 57 2 10 0.3
No
100 57 2 10 0.5
No
100 57 2 10 0.7
No
100 57 2 10 1.0
No
100 57 3 10 0.001
No
100 57 3 10 0.003
Yes
100 57 3 10 0.005
Yes
100 57 3 10 0.007
Yes
100 57 3 10 0.01
Yes
100 57 3 10 0.03
Yes
100 57 3 10 0.05
Yes
100 57 3 10 0.07
Yes
100 57 3 10 0.1
No
100 57 3 10 0.3
No
100 57 3 10 0.5
No
100 57 3 10 0.7
No
100 57 3 10 1.0
No
100 57 4 10 0.001
No
100 57 4 10 0.003
Yes
100 57 4 10 0.005
Yes
100 57 4 10 0.007
Yes
100 57 4 10 0.01
Yes
100 57 4 10 0.03
Yes
100 57 4 10 0.05
Yes
100 57 4 10 0.07
Yes
100 57 4 10 0.1
No
100 57 4 10 0.3
No
100 57 4 10 0.5
No
100 57 4 10 0.7
No
100 57 4 10 1.0
No
100 57 5 10 0.001
Yes
100 57 5 10 0.003
Yes
100 57 5 10 0.005
Yes
100 57 5 10 0.007
Yes
100 57 5 10 0.01
Yes
100 57 5 10 0.03
Yes
100 57 5 10 0.05
Yes
100 57 5 10 0.07
Yes
100 57 5 10 0.1
No
100 57 5 10 0.3
No
100 57 5 10 0.5
No
100 57 5 10 0.7
No
100 57 5 10 1.0
No
100 58 1 10 0.001
Yes
100 58 1 10 0.003
Yes
100 58 1 10 0.005
Yes
100 58 1 10 0.007
Yes
100 58 1 10 0.01
No
100 58 1 10 0.03
No
100 58 1 10 0.05
No
100 58 1 10 0.07
No
100 58 1 10 0.1
No
100 58 1 10 0.3
No
100 58 1 10 0.5
No
100 58 1 10 0.7
No
100 58 1 10 1.0
No
100 58 2 10 0.001
Yes
100 58 2 10 0.003
Yes
100 58 2 10 0.005
Yes
100 58 2 10 0.007
Yes
100 58 2 10 0.01
Yes
100 58 2 10 0.03
Yes
100 58 2 10 0.05
Yes
100 58 2 10 0.07
No
100 58 2 10 0.1
No
100 58 2 10 0.3
No
100 58 2 10 0.5
No
100 58 2 10 0.7
No
100 58 2 10 1.0
No
100 58 3 10 0.001
No
100 58 3 10 0.003
No
100 58 3 10 0.005
Yes
100 58 3 10 0.007
Yes
100 58 3 10 0.01
Yes
100 58 3 10 0.03
Yes
100 58 3 10 0.05
No
100 58 3 10 0.07
Yes
100 58 3 10 0.1
No
100 58 3 10 0.3
No
100 58 3 10 0.5
No
100 58 3 10 0.7
No
100 58 3 10 1.0
No
100 58 4 10 0.001
Yes
100 58 4 10 0.003
Yes
100 58 4 10 0.005
Yes
100 58 4 10 0.007
Yes
100 58 4 10 0.01
Yes
100 58 4 10 0.03
Yes
100 58 4 10 0.05
Yes
100 58 4 10 0.07
Yes
100 58 4 10 0.1
No
100 58 4 10 0.3
No
100 58 4 10 0.5
No
100 58 4 10 0.7
No
100 58 4 10 1.0
No
100 58 5 10 0.001
Yes
100 58 5 10 0.003
Yes
100 58 5 10 0.005
No
100 58 5 10 0.007
No
100 58 5 10 0.01
No
100 58 5 10 0.03
Yes
100 58 5 10 0.05
Yes
100 58 5 10 0.07
No
100 58 5 10 0.1
No
100 58 5 10 0.3
No
100 58 5 10 0.5
No
100 58 5 10 0.7
No
100 58 5 10 1.0
No
100 59 1 10 0.001
No
100 59 1 10 0.003
No
100 59 1 10 0.005
Yes
100 59 1 10 0.007
Yes
100 59 1 10 0.01
No
100 59 1 10 0.03
Yes
100 59 1 10 0.05
Yes
100 59 1 10 0.07
No
100 59 1 10 0.1
No
100 59 1 10 0.3
No
100 59 1 10 0.5
No
100 59 1 10 0.7
No
100 59 1 10 1.0
No
100 59 2 10 0.001
Yes
100 59 2 10 0.003
No
100 59 2 10 0.005
Yes
100 59 2 10 0.007
Yes
100 59 2 10 0.01
No
100 59 2 10 0.03
Yes
100 59 2 10 0.05
Yes
100 59 2 10 0.07
Yes
100 59 2 10 0.1
No
100 59 2 10 0.3
No
100 59 2 10 0.5
No
100 59 2 10 0.7
No
100 59 2 10 1.0
No
100 59 3 10 0.001
Yes
100 59 3 10 0.003
Yes
100 59 3 10 0.005
Yes
100 59 3 10 0.007
Yes
100 59 3 10 0.01
Yes
100 59 3 10 0.03
Yes
100 59 3 10 0.05
Yes
100 59 3 10 0.07
Yes
100 59 3 10 0.1
No
100 59 3 10 0.3
No
100 59 3 10 0.5
No
100 59 3 10 0.7
No
100 59 3 10 1.0
No
100 59 4 10 0.001
Yes
100 59 4 10 0.003
Yes
100 59 4 10 0.005
Yes
100 59 4 10 0.007
Yes
100 59 4 10 0.01
Yes
100 59 4 10 0.03
Yes
100 59 4 10 0.05
Yes
100 59 4 10 0.07
No
100 59 4 10 0.1
No
100 59 4 10 0.3
No
100 59 4 10 0.5
No
100 59 4 10 0.7
No
100 59 4 10 1.0
No
100 59 5 10 0.001
Yes
100 59 5 10 0.003
Yes
100 59 5 10 0.005
Yes
100 59 5 10 0.007
Yes
100 59 5 10 0.01
Yes
100 59 5 10 0.03
Yes
100 59 5 10 0.05
Yes
100 59 5 10 0.07
No
100 59 5 10 0.1
No
100 59 5 10 0.3
No
100 59 5 10 0.5
No
100 59 5 10 0.7
No
100 59 5 10 1.0
No
100 60 1 10 0.001
Yes
100 60 1 10 0.003
Yes
100 60 1 10 0.005
Yes
100 60 1 10 0.007
Yes
100 60 1 10 0.01
Yes
100 60 1 10 0.03
Yes
100 60 1 10 0.05
Yes
100 60 1 10 0.07
No
100 60 1 10 0.1
No
100 60 1 10 0.3
No
100 60 1 10 0.5
No
100 60 1 10 0.7
No
100 60 1 10 1.0
No
100 60 2 10 0.001
No
100 60 2 10 0.003
Yes
100 60 2 10 0.005
Yes
100 60 2 10 0.007
Yes
100 60 2 10 0.01
Yes
100 60 2 10 0.03
Yes
100 60 2 10 0.05
Yes
100 60 2 10 0.07
No
100 60 2 10 0.1
No
100 60 2 10 0.3
No
100 60 2 10 0.5
No
100 60 2 10 0.7
No
100 60 2 10 1.0
No
100 60 3 10 0.001
No
100 60 3 10 0.003
Yes
100 60 3 10 0.005
Yes
100 60 3 10 0.007
Yes
100 60 3 10 0.01
Yes
100 60 3 10 0.03
Yes
100 60 3 10 0.05
Yes
100 60 3 10 0.07
No
100 60 3 10 0.1
No
100 60 3 10 0.3
No
100 60 3 10 0.5
No
100 60 3 10 0.7
No
100 60 3 10 1.0
No
100 60 4 10 0.001
Yes
100 60 4 10 0.003
Yes
100 60 4 10 0.005
Yes
100 60 4 10 0.007
Yes
100 60 4 10 0.01
Yes
100 60 4 10 0.03
Yes
100 60 4 10 0.05
Yes
100 60 4 10 0.07
Yes
100 60 4 10 0.1
No
100 60 4 10 0.3
No
100 60 4 10 0.5
No
100 60 4 10 0.7
No
100 60 4 10 1.0
No
100 60 5 10 0.001
Yes
100 60 5 10 0.003
Yes
100 60 5 10 0.005
Yes
100 60 5 10 0.007
Yes
100 60 5 10 0.01
Yes
100 60 5 10 0.03
Yes
100 60 5 10 0.05
Yes
100 60 5 10 0.07
Yes
100 60 5 10 0.1
No
100 60 5 10 0.3
No
100 60 5 10 0.5
No
100 60 5 10 0.7
No
100 60 5 10 1.0
No
